%J(i).a  表示第i个工件的属性， 第一个参数为工序数
%J(i).m  表示各道工序所对应的加工设备
%J(i).t  表示各道工序所对应的加工设备所需的加工时间
% ], [ 替换为 ]; [
J(1).num_mac=6;

J(1).a=[5];
J(1).m={[1,2,3,4,5,6];[1,2,4,5,6];[1,2,3,4,5,6];[2,3,5,6];[1,2,3,4,5]};
J(1).t={[3,6,2,4,2,5],[5,5,5,3,2],[5,2,5,5,6,2],[5,4,3,6],[2,4,2,2,2]};
%%%%
J(2).a=[5];
J(2).m={[1, 2, 3, 5, 6]; [2, 3, 4, 5, 6]; [1, 2, 3, 4, 6]; [1, 2, 3, 4, 5]; [1, 2, 5, 6]};
J(2).t={[6, 2, 5, 3, 5]; [2, 6, 3, 5, 5]; [6, 3, 4, 3, 3]; [5, 4, 2, 5, 6]; [2, 3, 4, 2]};
%%%%
J(3).a=[5];
J(3).m={[2, 5, 6]; [1, 3, 4, 5, 6]; [1, 2, 3, 4, 5, 6]; [1, 3, 4, 6]; [1, 2, 6]};
J(3).t={[4, 6, 5]; [6, 3, 4, 4, 6]; [5, 6, 5, 6, 2, 5]; [3, 5, 5, 3]; [4, 6, 4]};
%%%%%
J(4).a=[5];
J(4).m={[1, 2, 4, 5, 6]; [1, 2, 3, 4, 6]; [1, 2, 3, 5, 6]; [1, 2, 4, 5, 6]; [1, 2, 3, 4, 5, 6]};
J(4).t={[2, 5, 6, 2, 3]; [6, 5, 4, 5, 2]; [5, 2, 4, 6, 6]; [6, 5, 3, 3, 6]; [3, 2, 3, 6, 6, 3]};
%%%%%%%
J(5).a=[5];
J(5).m={[1, 2, 3, 4, 5, 6]; [1, 3, 4, 6]; [1, 3, 4, 5, 6]; [1, 2, 3, 4, 5, 6]; [1, 2, 3, 4, 5, 6]};
J(5).t={[5, 6, 4, 6, 4, 5]; [4, 6, 6, 2]; [5, 6, 3, 6, 6]; [3, 5, 2, 5, 4, 6]; [6, 3, 6, 5, 5, 4]};
%%%%%%
J(6).a=[5];
J(6).m={[1, 2, 3, 4, 5, 6]; [1, 2, 3, 4, 5, 6]; [2, 3, 4, 5, 6]; [1, 2, 3, 5, 6]; [1, 2, 3, 4, 5, 6]};
J(6).t={[5, 4, 2, 6, 6, 6]; [6, 4, 5, 6, 2, 3]; [3, 6, 6, 3, 2]; [6, 4, 2, 2, 2]; [2, 5, 2, 4, 3, 4]};
%%%%%%
J(7).a=[5];
J(7).m={[1, 2, 3, 4, 5, 6]; [1, 2, 3, 4, 5]; [1, 4, 5]; [1, 2, 3, 4, 5, 6]; [1, 2, 3, 4, 5, 6]};
J(7).t={[2, 6, 3, 4, 4, 2]; [3, 3, 4, 6, 3]; [4, 4, 5]; [4, 5, 5, 2, 2, 4]; [5, 4, 5, 3, 4, 2]};
%%%%%%%%%
J(8).a=[5];
J(8).m={[1, 3, 4, 5, 6]; [1, 2, 3, 4, 5, 6]; [2, 3, 5]; [1, 2, 3, 6]; [1, 2, 3, 5, 6]};
J(8).t={[4, 6, 3, 6, 5]; [2, 3, 2, 5, 3, 2]; [3, 5, 6]; [5, 6, 3, 6]; [5, 3, 6, 2, 5]};
%%%%%%%%%
J(9).a=[5];
J(9).m={[2, 3, 6]; [1, 3, 4, 5, 6]; [1, 2, 3, 4, 5]; [1, 2, 3, 4, 5, 6]; [1, 2, 3, 4, 5, 6]};
J(9).t={[6, 4, 5]; [2, 4, 3, 3, 2]; [4, 2, 2, 4, 4]; [3, 5, 6, 4, 3, 2]; [6, 2, 6, 3, 6, 5]};
%%%%%%%%%
J(10).a=[5];
J(10).m={[1, 3, 4, 5, 6]; [1, 2, 3, 4, 5]; [1, 2, 3, 4, 5]; [1, 2, 3, 4, 5, 6]; [1, 2, 3, 4, 5, 6]};
J(10).t={[3, 6, 6, 2, 5]; [3, 4, 2, 3, 6]; [5, 6, 3, 5, 2]; [5, 4, 6, 5, 2, 4]; [6, 5, 4, 2, 3, 3]};


% %初始调度数据，todo:删除 J(i).a的第二、三个参数
% 
% %J(i).a  表示第i个工件的属性， 第一个参数为工序数  第二个参数表示释放时期 第三个参数表示交货期
% %J(i).m  表示各道工序所对应的加工设备
% %J(i).t  表示各道工序所对应的加工设备所需的加工时间
% J(1).num_mac=8;
% J(1).a=[3];
% J(1).m={[4,6,7];[1,5,6,8];[2,4,7]};
% J(1).t={[12,10,9];[17,17,10,15];[24,11,10]};
% %%%%
% J(2).a=[6];
% J(2).m={[3,4,5,6,8];[1,2,5,6];[4,6,7];[5,7];[1,2,4,5,7];[2,4,5,6]};
% J(2).t={[11,10,21,14,17];[8,12,19,11];[15,21,25];[18,9];[12,15,14,9,10];[9,7,10,8]};
% %%%%
% J(3).a=[4];
% J(3).m={[2,7];[2,3,4,6];[3,4,5,8];[1,3,5,6,7]};
% J(3).t={[14,17];[23,23,17,18];[20,9,22,21];[7,10,8,11,9]};
% %%%%%
% J(4).a=[3];
% J(4).m={[2,6,7];[4,7];[2,3,4,7,8]};
% J(4).t={[18,17,18];[10,12];[8,11,8,9,20]};
% %%%%%%%
% J(5).a=[2];
% J(5).m={[3,4,5];[4,8]};
% J(5).t={[24,10,16];[18,19]};
% %%%%%%
% J(6).a=[3];
% J(6).m={[2,7];[3,7];[1,3,4,5,8]};
% J(6).t={[20,22];[18,19];[19,17,16,16,18]};
% %%%%%%
% J(7).a=[4];
% J(7).m={[3,5,6];[1,6,7];[6,7];[6,8]};
% J(7).t={[16,17,16];[22,20,22];[18,23];[10,24]};
% %%%%%%%%%
% J(8).a=[3];
% J(8).m={[1,7,8];[1,2];[1,2,6,8]};
% J(8).t={[11,21,21];[25,11];[24,18,25,20]};